Distance,Current Accuracy
inf,0.5
inf,0.6666666666666666
inf,0.5
inf,0.4
inf,0.5
inf,0.42857142857142855
inf,0.5
inf,0.5555555555555556
inf,0.6
inf,0.6363636363636364
inf,0.6666666666666666
inf,0.6153846153846154
inf,0.6428571428571429
inf,0.6666666666666666
inf,0.6875
inf,0.7058823529411765
inf,0.6666666666666666
inf,0.631578947368421
inf,0.6
inf,0.6190476190476191
inf,0.6363636363636364
inf,0.6521739130434783
inf,0.6666666666666666
inf,0.68
inf,0.6923076923076923
inf,0.7037037037037037
inf,0.7142857142857143
inf,0.6896551724137931
inf,0.7
inf,0.7096774193548387
inf,0.71875
inf,0.696969696969697
inf,0.7058823529411765
inf,0.7142857142857143
inf,0.6944444444444444
inf,0.7027027027027027
inf,0.6842105263157895
inf,0.6923076923076923
inf,0.7
inf,0.6829268292682927
inf,0.6904761904761905
inf,0.6976744186046512
inf,0.7045454545454546
inf,0.7111111111111111
inf,0.6956521739130435
inf,0.7021276595744681
inf,0.7083333333333334
inf,0.7142857142857143
inf,0.72
inf,0.7254901960784313
inf,0.7115384615384616
inf,0.6981132075471698
inf,0.7037037037037037
inf,0.7090909090909091
inf,0.7142857142857143
inf,0.7017543859649122
inf,0.7068965517241379
inf,0.711864406779661
inf,0.7
inf,0.7049180327868853
inf,0.7096774193548387
inf,0.6984126984126984
inf,0.703125
inf,0.6923076923076923
inf,0.6818181818181818
inf,0.6865671641791045
inf,0.6911764705882353
inf,0.6956521739130435
inf,0.6857142857142857
inf,0.6901408450704225
inf,0.6944444444444444
inf,0.6986301369863014
inf,0.7027027027027027
inf,0.7066666666666667
inf,0.7105263157894737
inf,0.7012987012987013
inf,0.7051282051282052
inf,0.6962025316455697
inf,0.7
inf,0.7037037037037037
inf,0.6951219512195121
inf,0.6987951807228916
inf,0.6904761904761905
inf,0.6823529411764706
inf,0.686046511627907
inf,0.6781609195402298
inf,0.6818181818181818
inf,0.6853932584269663
inf,0.6888888888888889
inf,0.6923076923076923
inf,0.6847826086956522
inf,0.6774193548387096
inf,0.6702127659574468
inf,0.6631578947368421
inf,0.6666666666666666
inf,0.6597938144329897
inf,0.6530612244897959
inf,0.6464646464646465
inf,0.65
inf,0.6534653465346535
inf,0.6568627450980392
inf,0.6504854368932039
inf,0.6538461538461539
inf,0.6571428571428571
inf,0.660377358490566
inf,0.6635514018691588
inf,0.6666666666666666
inf,0.6697247706422018
inf,0.6636363636363637
inf,0.6576576576576577
inf,0.6607142857142857
inf,0.6637168141592921
inf,0.6666666666666666
inf,0.6695652173913044
inf,0.6724137931034483
inf,0.6752136752136753
inf,0.6779661016949152
inf,0.680672268907563
inf,0.6833333333333333
inf,0.6859504132231405
inf,0.6885245901639344
inf,0.6910569105691057
inf,0.6935483870967742
inf,0.696
inf,0.6984126984126984
inf,0.7007874015748031
inf,0.703125
inf,0.7054263565891473
inf,0.7076923076923077
inf,0.7099236641221374
inf,0.7121212121212122
inf,0.7142857142857143
inf,0.7164179104477612
inf,0.7111111111111111
inf,0.7132352941176471
inf,0.7153284671532847
inf,0.717391304347826
inf,0.7194244604316546
inf,0.7214285714285714
inf,0.723404255319149
inf,0.7253521126760564
inf,0.7272727272727273
inf,0.7291666666666666
inf,0.7310344827586207
inf,0.7328767123287672
inf,0.7346938775510204
inf,0.7364864864864865
inf,0.738255033557047
inf,0.74
inf,0.7350993377483444
inf,0.7302631578947368
inf,0.7320261437908496
inf,0.7337662337662337
inf,0.7354838709677419
inf,0.7371794871794872
inf,0.7388535031847133
inf,0.740506329113924
inf,0.7421383647798742
inf,0.74375
inf,0.7453416149068323
inf,0.7469135802469136
inf,0.7484662576687117
inf,0.75
inf,0.7454545454545455
inf,0.7469879518072289
inf,0.7425149700598802
inf,0.7440476190476191
inf,0.7455621301775148
inf,0.7470588235294118
inf,0.7485380116959064
inf,0.75
inf,0.7514450867052023
inf,0.7528735632183908
inf,0.7542857142857143
inf,0.7556818181818182
inf,0.7570621468926554
inf,0.7584269662921348
inf,0.7597765363128491
inf,0.7611111111111111
inf,0.7624309392265194
inf,0.7637362637362637
inf,0.7650273224043715
inf,0.7663043478260869
inf,0.7675675675675676
inf,0.7688172043010753
inf,0.7700534759358288
inf,0.7712765957446809
inf,0.7724867724867724
inf,0.7736842105263158
inf,0.774869109947644
inf,0.7760416666666666
inf,0.7772020725388601
inf,0.7783505154639175
inf,0.7794871794871795
inf,0.7806122448979592
inf,0.7817258883248731
inf,0.7777777777777778
inf,0.7788944723618091
inf,0.78
inf,0.7810945273631841
inf,0.7821782178217822
inf,0.7832512315270936
inf,0.7843137254901961
inf,0.7853658536585366
inf,0.7864077669902912
inf,0.7874396135265701
inf,0.7884615384615384
inf,0.7894736842105263
inf,0.7904761904761904
inf,0.7914691943127962
inf,0.7924528301886793
inf,0.7934272300469484
inf,0.794392523364486
inf,0.7906976744186046
inf,0.7870370370370371
inf,0.7880184331797235
inf,0.7889908256880734
inf,0.7899543378995434
inf,0.7909090909090909
inf,0.7918552036199095
inf,0.7927927927927928
inf,0.7937219730941704
inf,0.7946428571428571
inf,0.7955555555555556
inf,0.7964601769911505
inf,0.7973568281938326
inf,0.7982456140350878
inf,0.7991266375545851
inf,0.8
inf,0.7965367965367965
inf,0.7974137931034483
inf,0.7982832618025751
inf,0.7991452991452992
inf,0.8
inf,0.8008474576271186
inf,0.8016877637130801
inf,0.8025210084033614
inf,0.803347280334728
inf,0.8
inf,0.8008298755186722
inf,0.8016528925619835
inf,0.8024691358024691
inf,0.8032786885245902
inf,0.8040816326530612
inf,0.8048780487804879
inf,0.805668016194332
inf,0.8064516129032258
inf,0.8072289156626506
inf,0.804
inf,0.8047808764940239
inf,0.8055555555555556
inf,0.8063241106719368
inf,0.8070866141732284
inf,0.807843137254902
inf,0.80859375
inf,0.8093385214007782
inf,0.810077519379845
inf,0.8108108108108109
inf,0.8115384615384615
inf,0.8122605363984674
inf,0.8129770992366412
inf,0.8136882129277566
inf,0.8143939393939394
inf,0.8113207547169812
inf,0.8120300751879699
inf,0.8127340823970037
inf,0.8134328358208955
inf,0.8141263940520446
inf,0.8148148148148148
inf,0.8154981549815498
inf,0.8161764705882353
inf,0.8168498168498168
inf,0.8175182481751825
inf,0.8181818181818182
inf,0.8188405797101449
inf,0.8194945848375451
inf,0.8201438848920863
inf,0.8207885304659498
inf,0.8178571428571428
inf,0.8185053380782918
inf,0.8191489361702128
inf,0.8197879858657244
inf,0.8204225352112676
inf,0.8175438596491228
inf,0.8181818181818182
inf,0.818815331010453
inf,0.8159722222222222
inf,0.8166089965397924
inf,0.8172413793103448
inf,0.8178694158075601
inf,0.8184931506849316
inf,0.8191126279863481
inf,0.8197278911564626
inf,0.8203389830508474
inf,0.8209459459459459
inf,0.8215488215488216
inf,0.8221476510067114
inf,0.822742474916388
inf,0.8233333333333334
inf,0.8239202657807309
inf,0.8245033112582781
inf,0.8250825082508251
inf,0.8256578947368421
inf,0.8262295081967214
inf,0.826797385620915
inf,0.8273615635179153
inf,0.827922077922078
inf,0.8284789644012945
inf,0.8290322580645161
inf,0.8295819935691319
inf,0.8301282051282052
inf,0.8306709265175719
inf,0.8312101910828026
inf,0.8317460317460318
inf,0.8322784810126582
inf,0.832807570977918
inf,0.8333333333333334
inf,0.8338557993730408
inf,0.834375
inf,0.8317757009345794
inf,0.8322981366459627
inf,0.8328173374613003
inf,0.8333333333333334
inf,0.8338461538461538
inf,0.8343558282208589
inf,0.8348623853211009
inf,0.8353658536585366
inf,0.8358662613981763
inf,0.8363636363636363
inf,0.8368580060422961
inf,0.8373493975903614
inf,0.8378378378378378
inf,0.8353293413173652
inf,0.835820895522388
inf,0.8333333333333334
inf,0.8338278931750742
inf,0.8313609467455622
inf,0.831858407079646
inf,0.8323529411764706
inf,0.8299120234604106
inf,0.827485380116959
inf,0.8250728862973761
inf,0.8226744186046512
inf,0.8231884057971014
inf,0.8236994219653179
inf,0.8213256484149856
inf,0.8218390804597702
inf,0.8223495702005731
inf,0.8228571428571428
inf,0.8233618233618234
inf,0.8238636363636364
inf,0.8243626062322946
inf,0.8248587570621468
inf,0.8253521126760563
inf,0.8258426966292135
inf,0.8263305322128851
inf,0.8268156424581006
inf,0.8272980501392758
inf,0.8277777777777777
inf,0.8282548476454293
inf,0.8259668508287292
inf,0.8264462809917356
inf,0.8269230769230769
inf,0.8273972602739726
inf,0.825136612021858
inf,0.8256130790190735
inf,0.8260869565217391
inf,0.8265582655826558
inf,0.827027027027027
inf,0.8274932614555256
inf,0.8252688172043011
inf,0.8257372654155496
inf,0.8262032085561497
inf,0.8266666666666667
inf,0.8271276595744681
inf,0.8275862068965517
inf,0.8253968253968254
inf,0.8258575197889182
inf,0.8263157894736842
inf,0.8267716535433071
inf,0.8272251308900523
inf,0.8276762402088773
inf,0.828125
inf,0.825974025974026
inf,0.8264248704663213
inf,0.8242894056847545
inf,0.8247422680412371
inf,0.8251928020565553
inf,0.823076923076923
inf,0.8235294117647058
inf,0.8239795918367347
inf,0.8244274809160306
inf,0.8248730964467005
inf,0.8253164556962025
inf,0.8257575757575758
inf,0.8236775818639799
inf,0.821608040201005
inf,0.8195488721804511
inf,0.82
inf,0.8204488778054863
inf,0.8208955223880597
inf,0.8213399503722084
inf,0.8193069306930693
inf,0.8197530864197531
inf,0.8201970443349754
inf,0.8181818181818182
inf,0.8186274509803921
inf,0.8190709046454768
inf,0.8195121951219512
inf,0.8199513381995134
inf,0.8203883495145631
inf,0.8208232445520581
inf,0.821256038647343
inf,0.8216867469879519
inf,0.8197115384615384
inf,0.8201438848920863
inf,0.8205741626794258
inf,0.8210023866348448
inf,0.8214285714285714
inf,0.8218527315914489
inf,0.8222748815165877
inf,0.8226950354609929
inf,0.8231132075471698
inf,0.8211764705882353
inf,0.8215962441314554
inf,0.8220140515222483
inf,0.822429906542056
inf,0.8228438228438228
inf,0.8232558139534883
inf,0.8236658932714617
inf,0.8240740740740741
inf,0.8244803695150116
inf,0.8248847926267281
inf,0.825287356321839
inf,0.8256880733944955
inf,0.8260869565217391
inf,0.8264840182648402
inf,0.826879271070615
inf,0.8272727272727273
inf,0.8253968253968254
inf,0.8257918552036199
inf,0.8261851015801355
inf,0.8243243243243243
inf,0.8224719101123595
inf,0.8228699551569507
inf,0.8232662192393736
inf,0.8214285714285714
inf,0.821826280623608
inf,0.8222222222222222
inf,0.8226164079822617
inf,0.8230088495575221
inf,0.8233995584988962
inf,0.8237885462555066
inf,0.8241758241758241
inf,0.8245614035087719
inf,0.824945295404814
inf,0.8253275109170306
inf,0.8257080610021786
inf,0.8260869565217391
inf,0.824295010845987
inf,0.8246753246753247
inf,0.8250539956803455
inf,0.8254310344827587
inf,0.8236559139784946
inf,0.8240343347639485
inf,0.8244111349036403
inf,0.8247863247863247
inf,0.8251599147121536
inf,0.825531914893617
inf,0.8259023354564756
inf,0.826271186440678
inf,0.8266384778012685
inf,0.8270042194092827
inf,0.8273684210526315
inf,0.8277310924369747
inf,0.8280922431865828
inf,0.8263598326359832
inf,0.826722338204593
inf,0.8270833333333333
inf,0.8253638253638254
inf,0.8236514522821576
inf,0.8240165631469979
inf,0.8243801652892562
inf,0.8247422680412371
inf,0.8251028806584362
inf,0.8254620123203286
inf,0.8237704918032787
inf,0.8241308793456033
inf,0.8244897959183674
inf,0.824847250509165
inf,0.8252032520325203
inf,0.8255578093306288
inf,0.8259109311740891
inf,0.8262626262626263
inf,0.8266129032258065
inf,0.8269617706237424
inf,0.8273092369477911
inf,0.8276553106212425
inf,0.828
inf,0.8283433133732535
inf,0.8286852589641435
inf,0.8290258449304175
inf,0.8293650793650794
inf,0.8277227722772277
inf,0.8280632411067194
inf,0.8284023668639053
inf,0.8267716535433071
inf,0.8271119842829077
inf,0.8274509803921568
inf,0.8277886497064579
inf,0.828125
inf,0.8284600389863548
inf,0.8287937743190662
inf,0.829126213592233
inf,0.8294573643410853
inf,0.8297872340425532
inf,0.8301158301158301
inf,0.8304431599229287
inf,0.8307692307692308
inf,0.8310940499040307
inf,0.8295019157088123
inf,0.8298279158699808
inf,0.8301526717557252
inf,0.8304761904761905
inf,0.8307984790874525
inf,0.8311195445920304
inf,0.8314393939393939
inf,0.8298676748582231
inf,0.8301886792452831
inf,0.8305084745762712
inf,0.8308270676691729
inf,0.8311444652908068
inf,0.8314606741573034
inf,0.8317757009345794
inf,0.832089552238806
inf,0.8305400372439479
inf,0.8308550185873605
inf,0.8311688311688312
inf,0.8314814814814815
inf,0.8317929759704251
inf,0.8302583025830258
inf,0.8305709023941068
inf,0.8308823529411765
inf,0.8311926605504587
inf,0.8315018315018315
inf,0.8318098720292505
inf,0.8321167883211679
inf,0.8324225865209471
inf,0.8327272727272728
inf,0.8330308529945554
inf,0.8315217391304348
inf,0.8318264014466547
inf,0.8321299638989169
inf,0.8306306306306306
inf,0.8309352517985612
inf,0.8312387791741472
inf,0.8315412186379928
inf,0.8318425760286225
inf,0.8321428571428572
inf,0.8324420677361853
inf,0.8327402135231317
